5.85
1.65
1.02
1.03
1.8
7.34
2.96
2.87
1.22
2.44
8.17
1.63
2.94
2.82
1.87
1.18
3.48
1.0
2.48
1.2
1.22
3.06
4.05
4.54
1.54
2.38
14.85
1.69
1.66
1.0
2.69
1.0
3.79
2.33
1.77
2.15
2.9
2.15
1.3
355.57
5.38
1.08
1.54
46.13
6.59
6.54
1.44
1.27
2.26
1.22
1.6
3.43
1.2
5.48
17.84
3.95
1.85
17.04
1.55
1.03
2.21
1.51
15.01
175.84
2.54
1.39
24.3
4.42
1.09
3.08
1.41
3.52
5.07
1.18
2.04
2.09
1.24
1.9
1.1
2.73
1.55
2.46
3.39
1.0
4.31
5.85
3.15
1.0
1.21
1.12
7.11
2.23
1.05
7.23
7.35
1.07
1.98
1.01
1.2
2.76
1.3
1.29
1.99
91.02
1.76
1.37
10.0
1.0
8.83
5.69
1.32
1.16
10.06
1.05
3.93
1.39
1.42
1.01
3.5
2.21
1.87
2.19
5.35
1.1
1.6
1.09
1.04
1.0
19.99
1.01
1.06
2.55
1.16
4.5
1.07
3.24
1.39
2.42
1.01
2.6
1406.97
1.01
3.97
2.94
2.06
1.0
1.58
3.44
4.12
1.81
2.69
1.0
5.15
1.22
3.17
2.18
1.76
1.45
2.91
3.76
3.11
1.46
19.2
1.58
5.26
1.0
1.45
8.58
2.06
2.54
348.14
3.84
1.12
1.17
1.23
1.53
4.21
20.9
290.49
3.4
