2.87
3.79
82.18
1.02
2.83
2.51
1.27
3.16
1.6
2.63
1.0
1.22
1.93
3.71
5.52
1.34
1.66
2.56
2.02
8.35
1.01
1.16
5.03
1.75
1.12
1.38
1.99
1.65
1.0
1.5
1.41
1.22
2.83
1.09
3.68
18.91
1.26
1.51
1.32
2.16
4.72
1.69
6.49
8.28
1.59
3.59
43.12
5.48
5.59
1.25
5.81
37.49
1.0
1.15
1.92
1.45
1.74
1.38
12.66
1.1
1.04
1.01
2.78
2.01
1.49
1.24
3.89
44.66
26.58
2.68
1.89
1.1
1.68
5.09
2.72
1.72
3.05
1.79
1.6
3.87
1.1
4.25
5.09
2.86
2.67
1.44
1.03
2.62
1.05
3.15
1.16
1.44
3.02
2.34
1.46
1.36
1.3
1.27
1.19
17.99
1.78
1.06
1.93
1.04
4.55
54.96
2.62
3.13
4.95
1.62
4.17
177.61
12.8
1.25
1.23
1.18
5.07
1.96
1.21
1.18
2.56
3.03
1.28
1.44
5.26
1.4
1.12
5.55
1.33
1.19
1.15
2.63
1.39
14.79
9.61
1.04
1.38
1.1
1.42
4.49
1.0
2.3
2.13
3.5
4.4
1.43
2.44
1.64
1.38
2.48
8.68
1.26
1.04
1.0
2.81
4.66
1.02
3.19
1.33
1.21
17.15
1.18
2.92
5.27
10.41
2.14
1.0
1.35
2.44
1.52
1.08
1.93
3.71
1.28
1.49
1.19
1.12
1.64
1.28
1.04
7.28
88.13
3.75
1.66
3.74
1.73
1.28
11.84
18.95
2.29
1.8
1.19
2.76
1.35
2.66
1.87
4.29
1.27
2.45
2.01
4.73
93.88
2.05
1.83
1.79
4.92
2.21
5.28
1.72
1.49
1.0
2.42
1.99
5.93
1.2
1.0
2.2
2.99
1.33
1.11
1.21
1.73
1.0
1.63
2.8
1.23
1.22
62.36
2.43
2.42
6.54
1.83
4.54
1.85
7.1
1.45
3.34
1.98
2.41
1.41
2.45
1.28
1.62
11.0
2.28
1.05
1.24
1.0
8.61
1.14
1.92
7.06
1.12
1.49
1.27
3.29
1.68
4.37
2.26
3.44
2.2
1.55
9.26
1.0
1.38
1.13
4.03
8.34
6.74
1.14
17.59
1.81
1.22
1.24
1.59
8.41
1.58
1.24
2.57
2.22
26.35
1.76
1.11
2.87
3.93
1.23
1.01
1.55
1.04
11.38
1.74
3.58
5.29
4.82
2.79
1.3
1.1
1.09
1.14
2.34
8.67
1.4
1.61
1.6
47.6
1.02
6.88
3.19
1.0
1.47
1.02
1.16
1.5
7.47
1.07
1.25
1.23
1.55
1.18
1.13
7.51
1.24
1.91
1.52
5.65
2.18
1.43
20.88
1.22
1.03
1.0
2.08
1.88
3.74
1.06
1.73
4.69
1.61
2.3
1.95
2.24
1.15
4.18
9.38
1.56
17.87
10.75
1.51
1.25
1.13
1.23
1.39
1.84
3.43
1.93
3.83
1.78
1.48
1.86
1.47
2.32
1.05
2.13
4.44
1.32
3.93
1.22
12.05
1.21
20.96
2.39
1.49
2.49
1.03
20.09
28.55
1.43
3.78
1.04
7.01
1.0
4.08
1.04
3.22
2.09
33.72
1.36
3.12
5.94
1.45
3.5
2.27
4.71
1.11
1.27
403.99
1.86
2.43
1.35
2.83
1.71
1.05
96.77
2.04
5.29
5.76
1.5
2.17
1.91
16.62
74.79
1.0
12.21
10.28
1.54
1.04
1.07
1.82
1.14
1.26
1.62
1.19
1.17
5.23
1.05
1.0
3.87
1.33
1.38
1.17
1.48
1.42
7.08
3.29
1.6
4.69
14.46
1.17
1.02
1.31
1.85
1.67
1.0
2.21
1.12
1.09
1.16
1.11
1.41
1.15
1.57
6.52
2.72
1.68
2.62
1.33
1.67
6.76
2.11
1.7
13.98
1.08
2.82
6.77
1.0
1.05
1.75
6.44
1.1
1.6
1.05
1.14
8.59
2.42
4.75
1.0
15.6
7.2
11.54
1.05
5.53
1.39
3.12
1.11
1.92
3.15
1.12
1.8
2.12
29.91
4.66
2.93
2.23
1.2
2.48
1.19
9.97
7.65
3.12
1.79
1.39
6.13
2.97
1.27
2.43
1.14
1.27
1.38
6.07
2.31
1.2
14.61
1.2
1.13
1.51
2.13
6.61
3.74
2.68
1.08
1.67
3.45
2.76
2.16
3.88
1.29
1.28
38.2
1.45
1.37
1.48
1.26
1.05
35.3
1.65
1.71
1.12
3.49
2.58
4.22
1.0
1.59
1.81
1.07
5.31
1.0
128.01
3.25
2.26
1.24
1.9
2.23
2.73
4.59
1.94
1.49
2.23
1.09
6.01
3.14
1.24
4.08
1.52
5.09
1.03
2.86
1.59
3.19
1.79
