1.0
15.6
7.2
11.54
1.05
5.53
1.39
3.12
1.11
1.92
3.15
1.12
1.8
2.12
29.91
4.66
2.93
2.23
1.2
2.48
1.19
9.97
7.65
3.12
1.79
1.39
6.13
2.97
1.27
2.43
1.14
1.27
1.38
6.07
2.31
1.2
14.61
1.2
1.13
1.51
2.13
6.61
3.74
2.68
1.08
1.67
3.45
1.36
2.67
1.01
6.29
3.64
1.44
1.45
5.21
11.63
1.22
1.05
11.51
1.15
11.75
7.06
1.02
3.0
1.1
1.4
17.25
1.54
6.55
6.7
3.96
3.93
1.05
1.28
7.83
1.28
2.18
6.69
2.27
1.15
1.5
25.83
1.08
1.35
1.05
1.14
1.03
1.0
1.08
1.0
1.42
4.68
1.53
1.13
1.24
23.16
1.07
1.05
2.82
1.0
14.89
2.09
1.41
4.03
1.0
2.48
8.45
1.26
2.57
1.07
2.44
1.45
1.02
2.03
2.93
1.21
12.93
1.66
1.13
1.83
1.4
2.8
6.52
1.35
3.61
1.09
22.12
1.9
40.73
2.27
1.03
1.46
129.77
4.88
1.39
1.08
1.71
1.51
6.22
1.86
1.0
1.33
19.57
21.29
1.1
1.95
11.83
1.0
2.48
1.25
11.95
1.06
1.21
6.55
1.03
4.06
4.45
2.68
3.09
4.59
8.17
1.14
2.38
1.18
1.03
1.57
53.95
1.23
4.07
7.73
1.09
7.88
2.57
6.6
5.73
7.9
1.43
1.04
3.01
1.07
44.68
1.75
1.9
41.61
1.24
2.32
1.37
1.18
1.27
1.6
1.7
1.12
1.05
1.54
8.52
1.09
1.11
2.56
4.22
1.52
1.38
4.86
1.61
3.58
10.2
2.59
1.97
2.05
1.07
1.05
2.75
1.05
1.46
1.75
15.0
1.03
1.6
6.84
2.99
1.77
2.34
9.95
1.49
2.01
1.0
3.28
5.09
3.78
25.36
21.37
1.29
1.59
2.44
7.57
11.91
4.73
8.44
1.18
1.0
1.71
1.32
2.29
1.25
8.44
1.49
4.32
3.81
1.0
1.08
1.18
23.6
1.71
5.61
1.02
7.01
1.18
2.2
1.7
10.47
4.19
12.19
6.07
1.13
1.03
5.68
1.29
1.0
1.29
8.01
1.13
1.01
2.75
2.41
7.7
1.69
1.49
1.43
1.07
3.32
1.61
1.2
2.13
8.7
1.54
1.42
1.16
1.63
1.01
1.09
1.06
6.14
1.02
1.97
1.07
1.04
1.67
1.87
5.05
1.0
3.79
1.16
6.83
1.27
2.22
3.53
1.05
4.85
1.62
1.61
69.23
6.09
1.28
2.01
1.04
1.34
1.14
1.18
2.48
3.64
1.08
20.34
1.93
1.28
11.18
1.09
4.08
2.17
2.9
1.79
2.54
1.36
11.44
1.55
2.11
3.98
1.07
8.26
2.32
7.85
6.9
1.01
3.63
7.29
3.72
1.08
1.9
1.18
22.46
5.76
1.81
2.98
3.31
12.24
3.06
1.0
1.07
1.15
3.4
2.65
1.12
19.75
1.09
2.58
7.86
2.25
1.35
1.85
1.47
2.8
2.06
1.17
1.05
1.92
2.19
1.77
1.6
1.77
2.84
8.08
1.09
4.67
2.79
2.34
2.7
1.81
1.03
2.8
3.27
1.37
1.0
4.88
69.07
4.14
49.42
1.06
1.09
1.0
9.77
1.08
1.12
1.4
2.44
1.06
6.06
1.64
3.27
2.53
3.58
2.06
2.66
1.49
2.54
4.2
1.1
2.15
2.2
21.24
1.87
2.1
1.31
1.04
1.12
2.51
1.45
2.26
1.0
12.61
1.39
9.34
1.93
2.53
18.21
2.09
4.89
1.04
446.38
1.09
1.08
1.48
8.0
1.29
1.0
14.35
2.38
1.42
1.09
3.96
1.62
2.39
1.8
6.76
1.96
4.69
6.9
2.12
2.06
1.1
1.65
2.49
300.75
3.05
1.34
4.64
1.44
4.09
16.72
11.15
2.24
2.82
1.36
1.11
2.62
3.26
3.47
1.41
1.79
1.48
3.92
5.1
4.39
2.44
257.72
1.93
8.38
2.62
1.32
1.95
1.58
6.88
1.75
3.55
6.68
2.27
1.11
2.02
2.6
1.41
1.19
4.28
3.02
5.05
1.15
2.1
1.43
1.19
2.25
8.56
1.44
3.76
19.12
11.04
1.78
3.79
6.18
1.16
1.97
4.73
1.09
1.28
2.12
1.09
3.38
2.18
1.43
1.87
10.54
2.21
1.01
1.74
4.92
1.02
2.19
3.22
2.69
2.33
4.08
1.6
2.26
2.7
1.02
1.0
1.01
4.02
1.61
3.18
2.55
13.63
1.12
1.08
1.3
1.8
4.12
1.57
6.68
27.27
2.55
7.74
8.3
3.27
1.03
1.0
1.4
1.11
1.12
1.79
3.18
4.95
1.13
1.72
3.05
1.74
1.16
2.0
1.39
30.69
3.0
1.41
1.69
4.32
3.34
2.25
2.37
1.74
1.0
1.49
1.84
1.95
4.37
1.42
5.88
3.65
4.76
1.89
3.98
2.1
5.25
1.77
1.69
21.78
1.12
12.2
2.29
4.09
1.12
8.77
63.3
1.57
1.56
3.95
64.15
4.0
4.27
1.46
1.0
1.25
4.11
14.04
1.33
1.64
1.19
3.22
67.43
1.2
1.0
2.05
4.03
2.81
1.12
1.33
5.25
1.15
1.93
3.65
1.39
1.0
1.31
1.95
1.53
3.37
4.99
1.51
1.37
3.01
1.08
1.51
1.06
1.24
1.21
2.06
2.07
1.37
1.18
1.14
1.3
4.86
1.08
1.03
1.12
42.04
2.51
6.05
2.62
2.92
2.02
4.53
3.93
2.39
1.28
40.83
1.0
4.29
63.6
3.61
1.07
13.61
1.08
2.15
3.49
1.0
3.29
8.74
4.74
6.25
4.62
2.07
3.29
1.0
1.12
2.11
2.3
1.61
1.36
1.46
14.47
1.89
1.62
2.34
4.33
1.35
1.59
1.49
1.55
1.92
7.94
1.0
1.48
4.92
6.09
2.66
2.02
34.07
10.71
1.48
4.21
2.22
7.21
1.04
2.0
1.06
1.35
1.14
1.64
1.28
2.54
1.25
1.05
1.44
1.1
1.0
17.09
1.79
2.47
1.68
1.57
1.99
3.26
3.31
13.21
2.2
1.85
1.84
1.57
15.74
3.28
5.5
2.07
19.62
11.48
1.37
1.2
1.81
2.12
1.52
1.91
1.77
10.5
1.85
4.34
2.76
1.99
1.29
1.89
2.08
14.6
4.07
1.3
6.96
2.59
2.16
6.28
4.91
1.88
1.43
3.15
3.47
1.06
18.68
15.73
1.32
2.92
17.19
1.99
4.01
4.94
71.17
2.56
4.82
2.77
15.18
2.57
3.77
3.79
1.12
1.94
1.2
1.13
2.2
2.31
2.94
1.26
1.56
1.96
1.51
3.41
2.17
5.09
1.01
4.66
4.16
1.55
1.99
2.19
1.0
2.44
1.51
5.98
5.71
2.2
1.87
1.12
5.4
3.93
1.59
3.25
2.91
1.99
3.37
7.14
3.5
3.93
2.39
1.76
1.54
2.11
1.02
15.63
3.86
13.37
6.16
1.12
2.62
1.42
2.55
3.81
1.03
5.32
2.17
2.12
1.0
7.68
1.59
1.02
1.41
1.94
1.06
2.33
2.06
7.83
116.38
1.61
1.15
1.91
1.57
4.0
2.98
26.1
85.37
1.03
2.15
1.61
2.39
1.25
1.26
2.14
4.82
7.71
1.33
1.45
1.4
3.2
10.45
1.08
2.29
1.18
1.24
12.05
1.96
1.54
3.58
4.06
1.13
12.87
3.61
286.06
1.76
1.42
1.07
1.48
5.7
1.34
2.87
1.07
1.04
1.5
34.88
2.89
1.27
2.13
2.03
1.77
5.9
1.0
7.89
1.8
2.0
1.72
1.24
15.43
3.61
4.81
1.51
1.71
2.05
1.02
3.81
1.13
23.25
1.02
13.68
1.11
1.32
1.91
2.51
1.09
5.27
3.12
11.31
2.53
1.87
1.59
1.76
2.42
1.32
1.77
1.23
3.87
31.91
2.26
1.11
11.55
1.38
6.32
9.13
328.05
1.43
1.74
1.33
1.4
3.33
19.51
1.61
2.54
13.57
3.42
6.07
4.35
1.13
53.77
5.36
2.16
3.54
2.1
1.01
2.53
1.35
3.17
1.09
1.19
2.39
1.28
1.59
12.15
3.47
4.57
1.81
1.12
4.63
4.57
2.36
4.67
2.4
13.18
14.88
2.08
3.48
1.78
1.23
1.0
4.16
2.44
1.17
1.03
1.22
2.31
1.2
1.84
2.8
1.46
1.53
2.23
5.33
1.94
18.38
1.3
1.22
1.98
1.07
19.06
1.26
6.45
31.67
2.46
1.17
1.02
1.16
14.26
2.99
1.14
5.08
1.3
1.24
1.21
15.6
2.68
33.54
1.7
25.49
1.98
1.36
1.42
2.24
1.11
3.37
5.23
3.05
1.29
2.0
1.06
1.02
1.79
3.1
1.05
1.38
3.44
1.97
2.83
1.15
1.29
4.34
1.29
1.2
1.76
1.35
2.64
1.37
8.64
1.14
1.93
3.07
4.6
1.5
1.15
2.68
1.43
1.51
12.62
2.24
5.37
2.26
5.25
1.39
1.36
5.34
2.21
1.68
3.06
2.57
1.21
4.33
2.5
9.86
1.0
5.87
3.26
1.21
1.81
1.06
1.69
2.66
3.03
1.0
4.12
3.43
2.0
1.06
3.51
3.19
2.23
1.84
2.18
1.1
1.14
1.13
1.03
5.4
1.25
2.41
1.9
4.16
1.12
1.46
5.24
1.73
1.63
1.91
1.5
5.89
1.14
2.23
1.03
1.16
1.02
1.59
2.45
2.29
1.5
5.67
1.0
1.25
1.42
1.35
1.54
16.58
1.85
6.44
1.28
1.03
1.85
1.24
1.67
1.18
2.63
1.71
1.79
4.9
1.62
1.1
1.36
14.8
1.08
1.16
1.0
1.6
2.52
1.01
21.98
1.71
3.38
2.07
1.49
4.5
12.44
1.11
1.25
1.6
5.37
13.2
1.06
1.75
63.33
1.01
1.5
4.0
1.18
1.0
3.85
2.16
3.64
1.04
1.12
3.34
1.0
2.89
1.0
4.28
1.06
1.79
3.72
2.2
1.37
1.39
1.2
1.46
1.16
1.24
1.52
2.13
1.58
1.56
5.27
1.14
2.01
2.85
8.34
1.73
2.39
17.09
1.85
3.71
5.14
11.12
1.29
1.59
4.27
1.37
1.23
1.85
1.65
1.74
9.32
1.04
3.35
11.28
24.78
2.05
1.47
48.86
1.32
4.8
2.2
1.06
2.85
1.0
1.16
5.45
2.42
5.56
1.39
3.24
2.07
1.33
1.42
3.7
1041.45
1.0
1.09
2.9
2.09
1.74
30.48
6.1
3.29
1.04
3.28
1.97
1.84
1.92
5.72
1.07
15.2
1.38
1.4
1.14
2.85
1.64
1.13
2.1
6.3
3.39
3.73
4.57
1.12
1.04
1.0
2.5
2.87
85.86
1.84
3.1
1.01
1.65
1.67
1.74
1.24
9.19
1.0
1.03
1.05
3.87
2.11
1.02
3.5
1.62
4.38
1.31
1.35
2.65
1.07
2.81
2.61
2.5
1.61
1.49
1.56
1.46
1.19
6.44
4.51
2.02
1.34
2.73
1.14
4.68
1.28
3.0
10.55
1.0
124.61
1.05
10.67
1.45
3.47
1.01
1.77
6.84
1.53
2.07
3.55
1.91
2.16
1.0
68.19
18.88
13.94
1.94
1.12
2.46
7.69
1.44
1.51
1.61
1.71
1.34
7.43
1.25
2.58
1.21
5.39
5.01
3.89
1.64
1.16
1.49
1.69
2.84
14.65
1.52
1.34
2.27
1.25
4.12
2.88
5.84
1.67
1.51
1.92
26.87
10.59
1.44
1.51
5.49
2.12
1.07
2.0
2.14
4.53
1.71
15.58
1.0
5.03
4.09
5.43
1.0
1.29
1.82
1.1
1.08
1.63
1.02
2.28
9.59
3.58
1.65
1.04
1.0
1.43
3.07
2.11
2.07
1.15
1.23
1.46
1.14
1.75
2.38
1.07
1.0
2.57
1.05
1.41
14.1
5.21
82.6
1.61
1.33
1.28
1.73
10.65
35.04
2.97
2.15
10.63
1.11
3.6
1.04
1.69
2.57
14.62
1.21
2.55
1.09
133.18
3.56
6.93
1.57
1.03
1.21
2.27
3.62
13.43
1.72
1.99
8.21
1.88
3.94
8.47
2.07
1.0
1.3
2.57
1.33
1.31
3.77
1.29
1.15
61.76
1.97
2.38
10.02
2.78
1.43
3.27
1.51
1.89
1.64
1.77
1.0
1.85
1.88
2.85
1.04
1.87
1.98
1.56
1.91
2.95
327.15
1.0
3.85
1.49
1.01
2.54
1.25
1.0
1.3
1.47
11.19
2.01
3.78
1.15
9.86
2.09
1.06
1.4
8.79
4.03
5.9
6.68
2.73
1.22
3.76
32.1
5.83
1.07
4.83
14.09
7.6
2.84
15.86
2.18
1.67
1.09
1.6
1.49
1.11
5.49
2.57
1.26
1.86
1.0
2.36
1.04
1.24
4.59
2.85
1.11
6.96
8.12
5.2
20.83
1.08
1.6
1.09
3.44
2.79
1.75
1.71
2.3
1.51
1.9
1.64
1.09
19.56
11.93
1.03
4.97
2.57
1.06
42.31
1.71
3.91
2.71
1.91
1.12
4.47
9.1
1.13
1.06
1.14
2.15
1.2
1.34
4.43
1.54
1.27
3.17
10.83
6.65
5.61
1.91
2.38
1.27
1.16
1.07
2.05
2.93
1.58
1.73
1.51
1.17
11.73
1.2
1.33
2.67
1.29
1.0
4.03
1.61
1.05
1.49
2.21
1.67
2.23
1.17
1.68
1.22
15.2
1.3
1.54
10.48
1.2
1.94
4.05
1.73
1.7
6.01
1.01
13.32
1.1
2.23
1.29
1.25
1.27
1.53
2.64
1.29
1.1
1.0
2.02
2.21
2.14
1.05
1.43
2.25
1.0
2.46
17.34
4.49
1.05
1.01
1.05
2.37
61.27
1.93
2.41
1.3
1.46
4.59
3.4
6.21
1.72
6.44
2.68
4.2
2.07
1.82
2.46
1.62
8.29
8.67
2.44
2.81
1.39
2.44
10.04
1.09
1.65
1.03
7.94
1.64
1.19
1.37
1.07
1.31
1.07
2.19
7.21
2.24
1.0
1.29
4.09
1.43
3.26
4.05
5.74
2.27
2.38
1.68
1.94
1.35
3.48
1.18
4.15
1.94
1.33
76.72
5.28
13.76
7.57
3.47
7.93
3.36
3.08
1.93
10.56
1.4
2.42
1.36
2.8
2.53
1.56
3.49
2.16
1.05
1.38
1.28
3.62
1.18
2.12
2.96
1.13
38.83
1.23
2.91
2.95
4.71
1.18
2.4
1.64
1.0
1.82
2.24
1.73
1.01
1.97
1.1
4.93
2.26
4.81
6.96
1.01
8.23
1.1
1.19
2.69
3.14
114.46
1.27
894.41
2.17
15.23
1.01
1.0
15.93
4.21
1.11
2.0
1.02
1.36
1.4
1.99
1.49
4.04
2.69
5.36
1.85
4.15
4.62
3.92
1.01
2.17
1.0
6.16
46.78
2.12
5.32
1.83
1.28
1.41
4.86
1.56
1.0
2.22
6.81
2.39
1.55
18.48
1.59
1.79
1.05
8.87
1.8
2.06
1.19
1.91
1.25
1.35
1.68
6.88
1.42
4.2
6.87
5.4
1.09
1.65
1.88
1.24
29.54
2.06
4.59
1.14
1.96
2.65
1.02
1.1
1.0
1.14
9.96
1.65
1.03
1.33
1.5
1.0
1.24
2.0
2.34
3.0
1.12
1.19
5.96
12.83
1.85
2.19
7.39
1.03
1.78
3.83
5.76
7.18
1.5
1.07
1.2
1.3
1.01
1.98
1.75
1.41
6.99
1.17
1.14
1.39
16.74
1.82
9.23
1.57
6.93
2.8
5.43
1.89
1.04
2.83
1.14
6.14
1.32
3.26
2.02
2.19
2.02
2.04
3.17
1.0
1.49
3.74
6.23
1.47
7.65
6.13
1.17
1.48
1.46
1.88
13.55
1.08
1.62
2.87
3.79
82.18
1.02
2.83
2.51
1.27
3.16
1.6
2.63
1.0
1.22
1.93
3.71
5.52
1.34
1.66
2.56
2.02
8.35
1.01
1.16
5.03
1.75
1.12
1.38
1.99
1.65
1.0
1.5
1.41
1.22
2.83
1.09
3.68
18.91
1.26
1.51
1.32
2.16
4.72
1.69
6.49
8.28
1.59
3.59
43.12
5.48
5.59
1.25
5.81
37.49
1.0
1.15
1.92
1.45
1.74
1.38
12.66
1.1
1.04
1.01
2.78
2.01
1.49
1.24
3.89
44.66
26.58
2.68
1.89
1.1
1.68
5.09
2.72
1.72
3.05
1.79
1.6
3.87
1.1
4.25
5.09
2.86
2.67
1.44
1.03
2.62
1.05
3.15
1.16
1.44
3.02
2.34
1.46
1.36
1.3
1.27
1.19
17.99
1.78
1.06
1.93
1.04
4.55
54.96
2.62
3.13
4.95
1.62
4.17
177.61
12.8
1.25
1.23
1.18
5.07
1.96
1.21
1.18
2.56
3.03
1.28
1.44
5.26
1.4
1.12
5.55
1.33
1.19
1.15
2.63
1.39
14.79
9.61
1.04
1.38
1.1
1.42
4.49
1.0
2.3
2.13
3.5
4.4
1.43
2.44
1.64
1.38
2.48
8.68
1.26
1.04
1.0
2.81
4.66
1.02
3.19
1.33
1.21
17.15
1.18
2.92
5.27
10.41
2.14
1.0
1.35
2.44
1.52
1.08
1.93
3.71
1.28
1.49
1.19
1.12
1.64
1.28
1.04
7.28
88.13
3.75
1.66
3.74
1.73
1.28
11.84
18.95
2.29
1.8
1.19
2.76
1.35
2.66
1.87
4.29
1.27
2.45
2.01
4.73
93.88
2.05
1.83
1.79
4.92
2.21
5.28
1.72
1.49
1.0
2.42
1.99
5.93
1.2
1.0
2.2
2.99
1.33
1.11
1.21
1.73
1.0
1.63
2.8
1.23
1.22
62.36
2.43
2.42
6.54
1.83
4.54
1.85
7.1
1.45
3.34
1.98
2.41
1.41
2.45
1.28
1.62
11.0
2.28
1.05
1.24
1.0
8.61
1.14
1.92
7.06
1.12
1.49
1.27
3.29
1.68
4.37
2.26
3.44
2.2
1.55
9.26
1.0
1.38
1.13
4.03
8.34
6.74
1.14
17.59
1.81
1.22
1.24
1.59
8.41
1.58
1.24
2.57
2.22
26.35
1.76
1.11
2.87
3.93
1.23
1.01
1.55
1.04
11.38
1.74
3.58
5.29
4.82
2.79
1.3
1.1
1.09
1.14
2.34
8.67
1.4
1.61
1.6
47.6
1.02
6.88
3.19
1.0
1.47
1.02
1.16
1.5
7.47
1.07
1.25
1.23
1.55
1.18
1.13
7.51
1.24
1.91
1.52
5.65
2.18
1.43
20.88
1.22
1.03
1.0
2.08
1.88
3.74
1.06
1.73
4.69
1.61
2.3
1.95
2.24
1.15
4.18
9.38
1.56
17.87
10.75
1.51
1.25
1.13
1.23
1.39
1.84
3.43
1.93
3.83
1.78
1.48
1.86
1.47
2.32
1.05
2.13
4.44
1.32
3.93
1.22
12.05
1.21
20.96
2.39
1.49
2.49
1.03
20.09
28.55
1.43
3.78
1.04
7.01
1.0
4.08
1.04
3.22
2.09
33.72
1.36
3.12
5.94
1.45
3.5
2.27
4.71
1.11
1.27
403.99
1.86
2.43
1.35
2.83
1.71
1.05
96.77
2.04
5.29
5.76
1.5
2.17
1.91
16.62
74.79
1.0
12.21
10.28
1.54
1.04
1.07
1.82
1.14
1.26
1.62
1.19
1.17
5.23
1.05
1.0
3.87
1.33
1.38
1.17
1.48
1.42
7.08
3.29
1.6
4.69
14.46
1.17
1.02
1.31
1.85
1.67
1.0
2.21
1.12
1.09
1.16
1.11
1.41
1.15
1.57
6.52
2.72
1.68
2.62
1.33
1.67
6.76
2.11
1.7
13.98
1.08
2.82
6.77
1.0
1.05
1.75
6.44
1.1
1.6
1.05
1.14
8.59
2.42
4.75
1.0
15.6
7.2
11.54
1.05
5.53
1.39
3.12
1.11
1.92
3.15
1.12
1.8
2.12
29.91
4.66
2.93
2.23
1.2
2.48
1.19
9.97
7.65
3.12
1.79
1.39
6.13
2.97
1.27
2.43
1.14
1.27
1.38
6.07
2.31
1.2
14.61
1.2
1.13
1.51
2.13
6.61
3.74
2.68
1.08
1.67
3.45
2.76
2.16
3.88
1.29
1.28
38.2
1.45
1.37
1.48
1.26
1.05
35.3
1.65
1.71
1.12
3.49
2.58
4.22
1.0
1.59
1.81
1.07
5.31
1.0
128.01
3.25
2.26
1.24
1.9
2.23
2.73
4.59
1.94
1.49
2.23
1.09
6.01
3.14
1.24
4.08
1.52
5.09
1.03
2.86
1.59
3.19
1.79
5.85
1.65
1.02
1.03
1.8
7.34
2.96
2.87
1.22
2.44
8.17
1.63
2.94
2.82
1.87
1.18
3.48
1.0
2.48
1.2
1.22
3.06
4.05
4.54
1.54
2.38
14.85
1.69
1.66
1.0
2.69
1.0
3.79
2.33
1.77
2.15
2.9
2.15
1.3
355.57
5.38
1.08
1.54
46.13
6.59
6.54
1.44
1.27
2.26
1.22
1.6
3.43
1.2
5.48
17.84
3.95
1.85
17.04
1.55
1.03
2.21
1.51
15.01
175.84
2.54
1.39
24.3
4.42
1.09
3.08
1.41
3.52
5.07
1.18
2.04
2.09
1.24
1.9
1.1
2.73
1.55
2.46
3.39
1.0
4.31
5.85
3.15
1.0
1.21
1.12
7.11
2.23
1.05
7.23
7.35
1.07
1.98
1.01
1.2
2.76
1.3
1.29
1.99
91.02
1.76
1.37
10.0
1.0
8.83
5.69
1.32
1.16
10.06
1.05
3.93
1.39
1.42
1.01
3.5
2.21
1.87
2.19
5.35
1.1
1.6
1.09
1.04
1.0
19.99
1.01
1.06
2.55
1.16
4.5
1.07
3.24
1.39
2.42
1.01
2.6
1406.97
1.01
3.97
2.94
2.06
1.0
1.58
3.44
4.12
1.81
2.69
1.0
5.15
1.22
3.17
2.18
1.76
1.45
2.91
3.76
3.11
1.46
19.2
1.58
5.26
1.0
1.45
8.58
2.06
2.54
348.14
3.84
1.12
1.17
1.23
1.53
4.21
20.9
290.49
3.4