4.01
4.94
71.17
2.56
4.82
2.77
15.18
2.57
3.77
3.79
1.12
1.94
1.2
1.13
2.2
2.31
2.94
1.26
1.56
1.96
1.51
3.41
2.17
5.09
1.01
4.66
4.16
1.55
1.99
2.19
1.0
2.44
1.51
5.98
5.71
2.2
1.87
1.12
5.4
3.93
1.59
3.25
2.91
1.99
3.37
7.14
3.5
3.93
2.39
1.76
1.54
2.11
1.02
15.63
3.86
13.37
6.16
1.12
2.62
1.42
2.55
3.81
1.03
5.32
2.17
2.12
1.0
7.68
1.59
1.02
1.41
1.94
1.06
2.33
2.06
7.83
116.38
1.61
1.15
1.91
1.57
4.0
2.98
26.1
85.37
1.03
2.15
1.61
2.39
1.25
1.26
2.14
4.82
7.71
1.33
1.45
1.4
3.2
10.45
1.08
2.29
1.18
1.24
12.05
1.96
1.54
3.58
4.06
1.13
12.87
3.61
286.06
1.76
1.42
1.07
1.48
5.7
1.34
2.87
1.07
1.04
1.5
34.88
2.89
1.27
2.13
2.03
1.77
5.9
1.0
7.89
1.8
2.0
1.72
1.24
15.43
3.61
4.81
1.51
1.71
2.05
1.02
3.81
1.13
23.25
1.02
13.68
1.11
1.32
1.91
2.51
1.09
5.27
3.12
11.31
2.53
1.87
1.59
1.76
2.42
1.32
1.77
1.23
3.87
31.91
2.26
1.11
11.55
1.38
6.32
9.13
328.05
1.43
1.74
1.33
1.4
3.33
19.51
1.61
2.54
13.57
3.42
6.07
4.35
1.13
53.77
5.36
2.16
3.54
2.1
1.01
2.53
1.35
3.17
1.09
1.19
2.39
1.28
1.59
12.15
3.47
4.57
1.81
1.12
4.63
4.57
2.36
4.67
2.4
13.18
14.88
2.08
3.48
1.78
1.23
1.0
4.16
2.44
1.17
1.03
1.22
2.31
1.2
1.84
2.8
1.46
1.53
2.23
5.33
1.94
18.38
1.3
1.22
1.98
1.07
19.06
1.26
6.45
31.67
2.46
1.17
1.02
1.16
14.26
2.99
1.14
5.08
1.3
1.24
1.21
15.6
2.68
33.54
1.7
25.49
1.98
1.36
1.42
2.24
1.11
3.37
5.23
3.05
1.29
2.0
1.06
1.02
1.79
3.1
1.05
1.38
3.44
1.97
2.83
1.15
1.29
4.34
1.29
1.2
1.76
1.35
2.64
1.37
8.64
1.14
1.93
3.07
4.6
1.5
1.15
2.68
1.43
1.51
12.62
2.24
5.37
2.26
5.25
1.39
1.36
5.34
2.21
1.68
3.06
2.57
1.21
4.33
2.5
9.86
1.0
5.87
3.26
1.21
1.81
1.06
1.69
2.66
3.03
1.0
4.12
3.43
2.0
1.06
3.51
3.19
2.23
1.84
2.18
1.1
1.14
1.13
1.03
5.4
1.25
2.41
1.9
4.16
1.12
1.46
5.24
1.73
1.63
1.91
1.5
5.89
1.14
2.23
1.03
1.16
1.02
1.59
2.45
2.29
1.5
5.67
1.0
1.25
1.42
1.35
1.54
16.58
1.85
6.44
1.28
1.03
1.85
1.24
1.67
1.18
2.63
1.71
1.79
4.9
1.62
1.1
1.36
14.8
1.08
1.16
1.0
1.6
2.52
1.01
21.98
1.71
3.38
2.07
1.49
4.5
12.44
1.11
1.25
1.6
5.37
13.2
1.06
1.75
63.33
1.01
1.5
4.0
1.18
1.0
3.85
2.16
3.64
1.04
1.12
3.34
1.0
2.89
1.0
4.28
1.06
1.79
3.72
2.2
1.37
1.39
1.2
1.46
1.16
1.24
1.52
2.13
1.58
1.56
5.27
1.14
2.01
2.85
8.34
1.73
2.39
17.09
1.85
3.71
5.14
11.12
1.29
1.59
4.27
1.37
1.23
1.85
1.65
1.74
9.32
1.04
3.35
11.28
24.78
2.05
1.47
48.86
1.32
4.8
2.2
1.06
2.85
1.0
1.16
5.45
2.42
5.56
1.39
3.24
2.07
1.33
1.42
3.7
1041.45
1.0
1.09
2.9
2.09
1.74
30.48
6.1
3.29
1.04
3.28
1.97
1.84
1.92
5.72
1.07
15.2
1.38
1.4
1.14
2.85
1.64
1.13
2.1
6.3
3.39
3.73
4.57
1.12
1.04
1.0
2.5
2.87
85.86
1.84
3.1
1.01
1.65
1.67
1.74
1.24
9.19
1.0
1.03
1.05
3.87
2.11
1.02
3.5
1.62
4.38
1.31
1.35
2.65
1.07
2.81
2.61
2.5
1.61
1.49
1.56
1.46
1.19
6.44
4.51
2.02
1.34
2.73
1.14
4.68
1.28
3.0
10.55
1.0
124.61
1.05
10.67
1.45
3.47
1.01
1.77
6.84
1.53
2.07
3.55
1.91
2.16
1.0
68.19
18.88
13.94
1.94
1.12
2.46
7.69
1.44
1.51
1.61
1.71
1.34
7.43
1.25
2.58
1.21
5.39
5.01
3.89
1.64
1.16
1.49
1.69
2.84
14.65
1.52
1.34
2.27
1.25
4.12
2.88
5.84
1.67
1.51
1.92
26.87
10.59
1.44
1.51
5.49
2.12
1.07
2.0
2.14
4.53
1.71
15.58
1.0
5.03
4.09
5.43
1.0
1.29
1.82
1.1
1.08
1.63
1.02
2.28
9.59
3.58
1.65
1.04
1.0
1.43
3.07
2.11
2.07
1.15
1.23
1.46
1.14
1.75
2.38
1.07
1.0
2.57
1.05
1.41
14.1
5.21
82.6
1.61
1.33
1.28
1.73
10.65
35.04
2.97
2.15
10.63
1.11
3.6
1.04
1.69
2.57
14.62
1.21
2.55
1.09
133.18
3.56
6.93
1.57
1.03
1.21
2.27
3.62
13.43
1.72
1.99
8.21
1.88
3.94
8.47
2.07
1.0
1.3
2.57
1.33
1.31
3.77
1.29
1.15
61.76
1.97
2.38
10.02
2.78
1.43
3.27
1.51
1.89
1.64
1.77
1.0
1.85
1.88
2.85
1.04
1.87
1.98
1.56
1.91
2.95
327.15
1.0
3.85
1.49
1.01
2.54
1.25
1.0
1.3
1.47
11.19
2.01
3.78
1.15
9.86
2.09
1.06
1.4
8.79
4.03
5.9
6.68
2.73
1.22
3.76
32.1
5.83
1.07
4.83
14.09
7.6
2.84
15.86
2.18
1.67
1.09
1.6
1.49
1.11
5.49
2.57
1.26
1.86
1.0
2.36
1.04
1.24
4.59
2.85
1.11
6.96
8.12
5.2
20.83
1.08
1.6
1.09
3.44
2.79
1.75
1.71
2.3
1.51
1.9
1.64
1.09
19.56
11.93
1.03
4.97
2.57
1.06
42.31
1.71
3.91
2.71
1.91
1.12
4.47
9.1
1.13
1.06
1.14
2.15
1.2
1.34
4.43
1.54
1.27
3.17
10.83
6.65
5.61
1.91
2.38
1.27
1.16
1.07
2.05
2.93
1.58
1.73
1.51
1.17
11.73
1.2
1.33
2.67
1.29
1.0
4.03
1.61
1.05
1.49
2.21
1.67
2.23
1.17
1.68
1.22
15.2
1.3
1.54
10.48
1.2
1.94
4.05
1.73
1.7
6.01
1.01
13.32
1.1
2.23
1.29
1.25
1.27
1.53
2.64
1.29
1.1
1.0
2.02
2.21
2.14
1.05
1.43
2.25
1.0
2.46
17.34
4.49
1.05
1.01
1.05
2.37
61.27
1.93
2.41
1.3
1.46
4.59
3.4
6.21
1.72
6.44
2.68
4.2
2.07
1.82
2.46
1.62
8.29
8.67
2.44
2.81
1.39
2.44
10.04
1.09
1.65
1.03
7.94
1.64
1.19
1.37
1.07
1.31
1.07
2.19
7.21
2.24
1.0
1.29
4.09
1.43
3.26
4.05
5.74
2.27
2.38
1.68
1.94
1.35
3.48
1.18
4.15
1.94
1.33
76.72
5.28
13.76
7.57
3.47
7.93
3.36
3.08
1.93
10.56
1.4
2.42
1.36
2.8
2.53
1.56
3.49
2.16
1.05
1.38
1.28
3.62
1.18
2.12
2.96
1.13
38.83
1.23
2.91
2.95
4.71
1.18
2.4
1.64
1.0
1.82
2.24
1.73
1.01
1.97
1.1
4.93
2.26
4.81
6.96
1.01
8.23
1.1
1.19
2.69
3.14
114.46
1.27
894.41
2.17
15.23
1.01
1.0
15.93
4.21
1.11
2.0
1.02
1.36
1.4
1.99
1.49
4.04
2.69
5.36
1.85
4.15
4.62
3.92
1.01
2.17
1.0
6.16
46.78
2.12
5.32
1.83
1.28
1.41
4.86
1.56
1.0
2.22
6.81
2.39
1.55
18.48
1.59
1.79
1.05
8.87
1.8
2.06
1.19
1.91
1.25
1.35
1.68
6.88
1.42
4.2
6.87
5.4
1.09
1.65
1.88
1.24
29.54
2.06
4.59
1.14
1.96
2.65
1.02
1.1
1.0
1.14
9.96
1.65
1.03
1.33
1.5
1.0
1.24
2.0
2.34
3.0
1.12
1.19
5.96
12.83
1.85
2.19
7.39
1.03
1.78
3.83
5.76
7.18
1.5
1.07
1.2
1.3
1.01
1.98
1.75
1.41
6.99
1.17
1.14
1.39
16.74
1.82
9.23
1.57
6.93
2.8
5.43
1.89
1.04
2.83
1.14
6.14
1.32
3.26
2.02
2.19
2.02
2.04
3.17
1.0
1.49
3.74
6.23
1.47
7.65
6.13
1.17
1.48
1.46
1.88
13.55
1.08
1.62
