1.37
1.18
1.27
1.6
1.7
1.12
1.05
1.54
8.52
1.09
1.11
2.56
4.22
1.52
1.38
4.86
1.61
3.58
10.2
2.59
1.97
2.05
1.07
1.05
2.75
1.05
1.46
1.75
15.0
1.03
1.6
6.84
2.99
1.77
2.34
9.95
1.49
2.01
1.0
3.28
5.09
3.78
25.36
21.37
1.29
1.59
2.44
7.57
11.91
4.73
8.44
1.18
1.0
1.71
1.32
2.29
1.25
8.44
1.49
4.32
3.81
1.0
1.08
1.18
23.6
1.71
5.61
1.02
7.01
1.18
2.2
1.7
10.47
4.19
12.19
6.07
1.13
1.03
5.68
1.29
1.0
1.29
8.01
1.13
1.01
2.75
2.41
7.7
1.69
1.49
1.43
1.07
3.32
1.61
1.2
2.13
8.7
1.54
1.42
1.16
1.63
1.01
1.09
1.06
6.14
1.02
1.97
1.07
1.04
1.67
1.87
5.05
1.0
3.79
1.16
6.83
1.27
2.22
3.53
1.05
4.85
1.62
1.61
69.23
6.09
1.28
2.01
1.04
1.34
1.14
1.18
2.48
3.64
1.08
20.34
1.93
1.28
11.18
1.09
4.08
2.17
2.9
1.79
2.54
1.36
11.44
1.55
2.11
3.98
1.07
8.26
2.32
7.85
6.9
1.01
3.63
7.29
3.72
1.08
1.9
1.18
22.46
5.76
1.81
2.98
3.31
12.24
3.06
1.0
1.07
1.15
3.4
2.65
1.12
19.75
1.09
2.58
7.86
2.25
1.35
1.85
1.47
2.8
2.06
1.17
1.05
1.92
2.19
1.77
1.6
1.77
2.84
8.08
1.09
4.67
2.79
2.34
2.7
1.81
1.03
2.8
3.27
1.37
1.0
4.88
69.07
4.14
49.42
1.06
1.09
1.0
9.77
1.08
1.12
1.4
2.44
1.06
6.06
1.64
3.27
2.53
3.58
2.06
2.66
1.49
2.54
4.2
1.1
2.15
2.2
21.24
1.87
2.1
1.31
1.04
1.12
2.51
1.45
2.26
1.0
12.61
1.39
9.34
1.93
2.53
18.21
2.09
4.89
1.04
446.38
1.09
1.08
1.48
8.0
1.29
1.0
14.35
2.38
1.42
1.09
3.96
1.62
2.39
1.8
6.76
1.96
4.69
6.9
2.12
2.06
1.1
1.65
2.49
300.75
3.05
1.34
4.64
1.44
4.09
16.72
11.15
2.24
2.82
1.36
1.11
2.62
3.26
3.47
1.41
1.79
1.48
3.92
5.1
4.39
2.44
257.72
1.93
8.38
2.62
1.32
1.95
1.58
6.88
1.75
3.55
6.68
2.27
1.11
2.02
2.6
1.41
1.19
4.28
3.02
5.05
1.15
2.1
1.43
1.19
2.25
8.56
1.44
3.76
19.12
11.04
1.78
3.79
6.18
1.16
1.97
4.73
1.09
1.28
2.12
1.09
3.38
2.18
1.43
1.87
10.54
2.21
1.01
1.74
4.92
1.02
2.19
3.22
2.69
2.33
4.08
1.6
2.26
2.7
1.02
1.0
1.01
4.02
1.61
3.18
2.55
13.63
1.12
1.08
1.3
1.8
4.12
1.57
6.68
27.27
2.55
7.74
8.3
3.27
1.03
1.0
1.4
1.11
1.12
1.79
3.18
4.95
1.13
1.72
3.05
1.74
1.16
2.0
1.39
30.69
3.0
1.41
1.69
4.32
3.34
2.25
2.37
1.74
1.0
1.49
1.84
1.95
4.37
1.42
5.88
3.65
4.76
1.89
3.98
2.1
5.25
1.77
1.69
21.78
1.12
12.2
2.29
4.09
1.12
8.77
63.3
1.57
1.56
3.95
64.15
4.0
4.27
1.46
1.0
1.25
4.11
14.04
1.33
1.64
1.19
3.22
67.43
1.2
1.0
2.05
4.03
2.81
1.12
1.33
5.25
1.15
1.93
3.65
1.39
1.0
1.31
1.95
1.53
3.37
4.99
1.51
1.37
3.01
1.08
1.51
1.06
1.24
1.21
2.06
2.07
1.37
1.18
1.14
1.3
4.86
1.08
1.03
1.12
42.04
2.51
6.05
2.62
2.92
2.02
4.53
3.93
2.39
1.28
40.83
1.0
4.29
63.6
3.61
1.07
13.61
1.08
2.15
3.49
1.0
3.29
8.74
4.74
6.25
4.62
2.07
3.29
1.0
1.12
2.11
2.3
1.61
1.36
1.46
14.47
1.89
1.62
2.34
4.33
1.35
1.59
1.49
1.55
1.92
7.94
1.0
1.48
4.92
6.09
2.66
2.02
34.07
10.71
1.48
4.21
2.22
7.21
1.04
2.0
1.06
1.35
1.14
1.64
1.28
2.54
1.25
1.05
1.44
1.1
1.0
17.09
1.79
2.47
1.68
1.57
1.99
3.26
3.31
13.21
2.2
1.85
1.84
1.57
15.74
3.28
5.5
2.07
19.62
11.48
1.37
1.2
1.81
2.12
1.52
1.91
1.77
10.5
1.85
4.34
2.76
1.99
1.29
1.89
2.08
14.6
4.07
1.3
6.96
2.59
2.16
6.28
4.91
1.88
1.43
3.15
3.47
1.06
18.68
15.73
1.32
2.92
17.19
1.99
