1.01
6.29
3.64
1.44
1.45
5.21
11.63
1.22
1.05
11.51
1.15
11.75
7.06
1.02
3.0
1.1
1.4
17.25
1.54
6.55
6.7
3.96
3.93
1.05
1.28
7.83
1.28
2.18
6.69
2.27
1.15
1.5
25.83
1.08
1.35
1.05
1.14
1.03
1.0
1.08
1.0
1.42
4.68
1.53
1.13
1.24
23.16
1.07
1.05
2.82
1.0
14.89
2.09
1.41
4.03
1.0
2.48
8.45
1.26
2.57
1.07
2.44
1.45
1.02
2.03
2.93
1.21
12.93
1.66
1.13
1.83
1.4
2.8
6.52
1.35
3.61
1.09
22.12
1.9
40.73
2.27
1.03
1.46
129.77
4.88
1.39
1.08
1.71
1.51
6.22
1.86
1.0
1.33
19.57
21.29
1.1
1.95
11.83
1.0
2.48
1.25
11.95
1.06
1.21
6.55
1.03
4.06
4.45
2.68
3.09
4.59
8.17
1.14
2.38
1.18
1.03
1.57
53.95
1.23
4.07
7.73
1.09
7.88
2.57
6.6
5.73
7.9
1.43
1.04
3.01
1.07
44.68
1.75
